[gd_scene load_steps=6 format=3 uid="uid://bmm2iwnssrkp5"]

[ext_resource type="Shader" path="res://Shaders/3D Pixels.gdshader" id="2_xh172"]
[ext_resource type="Texture2D" uid="uid://eg3tmxmk74iu" path="res://Shaders/white.png" id="3_acuii"]
[ext_resource type="PackedScene" uid="uid://ddvwkb6cfwd6n" path="res://Models/ReRun_NoSlideTable.fbx" id="3_lrh2g"]
[ext_resource type="PackedScene" uid="uid://bpp5f2h77ge05" path="res://Models/ReRun_SlideTable.fbx" id="4_hxwpo"]

[sub_resource type="ShaderMaterial" id="ShaderMaterial_76egj"]
shader = ExtResource("2_xh172")
shader_parameter/screenSize = Vector2(480, 270)

[node name="Node3D" type="Node3D"]

[node name="Camera3D" type="Camera3D" parent="."]
transform = Transform3D(-4.37114e-08, -0.207912, 0.978148, 0, 0.978148, 0.207912, -1, 9.08811e-09, -4.27562e-08, 4.05, 2.213, 0)
projection = 1
size = 3.5
near = 0.001

[node name="TextureRect" type="TextureRect" parent="."]
material = SubResource("ShaderMaterial_76egj")
anchors_preset = 15
anchor_right = 1.0
anchor_bottom = 1.0
grow_horizontal = 2
grow_vertical = 2
texture = ExtResource("3_acuii")

[node name="SpotLight3D" type="SpotLight3D" parent="."]
transform = Transform3D(0.961329, -0.269308, 0.0576166, 0, 0.209209, 0.977871, -0.275402, -0.940056, 0.201119, 0.53459, 2.36573, 0.781223)

[node name="ReRun_NoSlideTable" parent="." instance=ExtResource("3_lrh2g")]
transform = Transform3D(1, 0, 0, 0, 1, 0, 0, 0, 1, 0.0013566, 0, 0.608347)

[node name="ReRun_SlideTable" parent="." instance=ExtResource("4_hxwpo")]
transform = Transform3D(1, 0, 0, 0, -4.37114e-08, 1, 0, -1, -4.37114e-08, -0.071058, 0, -1.32586)

[node name="SpotLight3D2" type="SpotLight3D" parent="."]
transform = Transform3D(0.961329, -0.269308, 0.0576166, 0, 0.209209, 0.977871, -0.275402, -0.940056, 0.201119, -1.32742, 2.36573, -1.37875)
